11:35:44 - Starting circle drawing!
11:35:44 - Time: 0.000, jac: [[-7.65367489e-04  9.32443939e-02 -8.18685420e-04  3.00922838e-01
   9.59319996e-04 -1.25791041e-01 -1.08420217e-18]
 [ 4.97463112e-01 -2.90744072e-04  4.34669534e-01 -7.14256212e-04
   1.16227691e-01  9.39624557e-04  0.00000000e+00]
 [ 0.00000000e+00 -4.97458307e-01  7.99871184e-04  3.52437266e-01
   1.59382158e-03  7.19244130e-03  0.00000000e+00]
 [ 0.00000000e+00  3.11807119e-03  3.45292915e-01 -1.80980399e-03
   8.99046810e-01  8.25274201e-03 -5.69733086e-02]
 [ 0.00000000e+00  9.99995139e-01 -1.07665312e-03 -9.99998246e-01
  -1.41634435e-03  9.99871940e-01  1.41595202e-02]
 [ 1.00000000e+00  1.11022302e-16  9.38494349e-01 -4.81344126e-04
  -4.37850233e-01  1.37111687e-02 -9.98275288e-01]]
11:35:44 - Time: 0.000, J_phi: [[ 0.00000000e+00 -4.97458307e-01  7.99871184e-04  3.52437266e-01
   1.59382158e-03  7.19244130e-03  0.00000000e+00]
 [ 0.00000000e+00  3.11807119e-03  3.45292915e-01 -1.80980399e-03
   8.99046810e-01  8.25274201e-03 -5.69733086e-02]
 [ 0.00000000e+00  9.99995139e-01 -1.07665312e-03 -9.99998246e-01
  -1.41634435e-03  9.99871940e-01  1.41595202e-02]
 [ 1.00000000e+00  1.11022302e-16  9.38494349e-01 -4.81344126e-04
  -4.37850233e-01  1.37111687e-02 -9.98275288e-01]], J_motion: [[-7.65367489e-04  9.32443939e-02 -8.18685420e-04  3.00922838e-01
   9.59319996e-04 -1.25791041e-01 -1.08420217e-18]
 [ 4.97463112e-01 -2.90744072e-04  4.34669534e-01 -7.14256212e-04
   1.16227691e-01  9.39624557e-04  0.00000000e+00]]
11:35:44 - Time: 0.000, tau_ctrl_v: [ 6.96042048e-04 -9.31732009e-05  1.71375959e-04 -1.23597734e-06
  4.45272699e-06 -5.04653570e-10  3.18825407e-16]
11:35:44 - Time: 0.000, F_ctrl_x: [10.15587171  1.48483931]
